Left:
D = [-0.08982182383078106, 0.08908203808079419, -0.001985936717629717, -0.002354609871921837, 0.0]
K = [438.30499941360057, 0.0, 326.21658377612664, 0.0, 435.07274912767906, 252.1787249398129, 0.0, 0.0, 1.0]
R = [0.999875090183357, 0.0014256655459914196, 0.01574075946625485, -0.0014809264175654022, 0.9999927798421177, 0.003499588630085243, -0.015735656572551257, -0.003522462403637272, 0.9998699822331131]
P = [439.900362428344, 0.0, 314.33200454711914, 0.0, 0.0, 439.900362428344, 249.0715618133545, 0.0, 0.0, 0.0, 1.0, 0.0]

Right:
D = [-0.08580480133663552, 0.09566096920017755, -0.0036822084322199536, -0.0020069335156515625, 0.0]
K = [437.3806827669421, 0.0, 314.46253122492647, 0.0, 434.88691612343433, 249.21328205313733, 0.0, 0.0, 1.0]
R = [0.9999822868774928, -0.005167391659985937, -0.0029536409212526076, 0.005156989129201351, 0.9999805116820288, -0.00351876672558366, 0.0029717662055903844, 0.0035034725031150935, 0.9999894470873376]
P = [439.900362428344, 0.0, 314.33200454711914, -43.27743924341108, 0.0, 439.900362428344, 249.0715618133545, 0.0, 0.0, 0.0, 1.0, 0.0]
self.T = [-0.09837835192026553, 0.0005083684800291275, 0.00029057947306681273]
self.R = [0.9998029794595312, 0.006572124253198787, 0.018729907811965804, -0.00670277319896386, 0.9999535838424285, 0.006921198749247251, -0.018683551463452366, -0.007045377455030085, 0.9998006239052007]
None
# oST version 5.0 parameters


[image]

width
639

height
511

[narrow_stereo/left]

camera matrix
438.304999 0.000000 326.216584
0.000000 435.072749 252.178725
0.000000 0.000000 1.000000

distortion
-0.089822 0.089082 -0.001986 -0.002355 0.000000

rectification
0.999875 0.001426 0.015741
-0.001481 0.999993 0.003500
-0.015736 -0.003522 0.999870

projection
439.900362 0.000000 314.332005 0.000000
0.000000 439.900362 249.071562 0.000000
0.000000 0.000000 1.000000 0.000000
# oST version 5.0 parameters


[image]

width
639

height
511

[narrow_stereo/right]

camera matrix
437.380683 0.000000 314.462531
0.000000 434.886916 249.213282
0.000000 0.000000 1.000000

distortion
-0.085805 0.095661 -0.003682 -0.002007 0.000000

rectification
0.999982 -0.005167 -0.002954
0.005157 0.999981 -0.003519
0.002972 0.003503 0.999989

projection
439.900362 0.000000 314.332005 -43.277439
0.000000 439.900362 249.071562 0.000000
0.000000 0.000000 1.000000 0.000000