Left:
D = [-0.06705221226882652, 0.020810500197642443, -0.0024239927724594356, 0.0001553757850652676, 0.0]
K = [864.2945917460197, 0.0, 644.9812392635312, 0.0, 859.5316381745599, 498.5740010221295, 0.0, 0.0, 1.0]
R = [0.9971852031740434, 0.01887423380508063, -0.07256330938575793, -0.019466210117060418, 0.999782687805641, -0.007459479057333337, 0.07240674854197315, 0.008851014766651916, 0.9973359124704073]
P = [898.2491565442252, 0.0, 757.0278472900391, 0.0, 0.0, 898.2491565442252, 495.54681396484375, 0.0, 0.0, 0.0, 1.0, 0.0]

Right:
D = [-0.11886871195163426, 0.08533301778754777, -0.004910771190663379, -0.001907882672847973, 0.0]
K = [846.0872461945189, 0.0, 645.338325450134, 0.0, 838.8508207358301, 506.68657503575963, 0.0, 0.0, 1.0]
R = [0.9956770463423114, 0.008749779286151792, -0.09246978289957469, -0.007994025239283274, 0.9999315776795163, 0.008540229494985977, 0.09253818102558832, -0.007764104700282856, 0.9956788657648]
P = [898.2491565442252, 0.0, 757.0278472900391, 131.7751502104816, 0.0, 898.2491565442252, 495.54681396484375, 0.0, 0.0, 0.0, 1.0, 0.0]
self.T = [0.14606803845790958, 0.0012836120928597138, -0.013565522931745795]
self.R = [0.9997304199316293, 0.011619410133638444, 0.02010166091333116, -0.011301901335292366, 0.9998107055287995, -0.015837302049639464, -0.020281875887983393, 0.015605845640352141, 0.9996724979173499]
None
# oST version 5.0 parameters


[image]

width
1279

height
1023

[narrow_stereo/left]

camera matrix
864.294592 0.000000 644.981239
0.000000 859.531638 498.574001
0.000000 0.000000 1.000000

distortion
-0.067052 0.020811 -0.002424 0.000155 0.000000

rectification
0.997185 0.018874 -0.072563
-0.019466 0.999783 -0.007459
0.072407 0.008851 0.997336

projection
898.249157 0.000000 757.027847 0.000000
0.000000 898.249157 495.546814 0.000000
0.000000 0.000000 1.000000 0.000000
# oST version 5.0 parameters


[image]

width
1279

height
1023

[narrow_stereo/right]

camera matrix
846.087246 0.000000 645.338325
0.000000 838.850821 506.686575
0.000000 0.000000 1.000000

distortion
-0.118869 0.085333 -0.004911 -0.001908 0.000000

rectification
0.995677 0.008750 -0.092470
-0.007994 0.999932 0.008540
0.092538 -0.007764 0.995679

projection
898.249157 0.000000 757.027847 131.775150
0.000000 898.249157 495.546814 0.000000
0.000000 0.000000 1.000000 0.000000
